2201
 601
2001
1402
4502
3203
2001
 501
1201
1001
3102
1001
 701
 801
1002
2802
2102
2702
1101
5303
3802
2102
3602
1402
3001
4001
2001
3001
1001
1401
 801
1402
1601
2902
1801
1001
5202
4803
3703
2501
1701
 501
 501
1901
2903
1501
 902
2401
 402
 801
 701
1903
2301
1002
2403
1102
2102
 201
2001
3202
1202
 601
 501
2702
1601
3401
2202
4001
 801
 802
 901
4901
2301
1602
1601
1301
 501
2303
2901
1802
1201
 201
1802
2902
 901
2001
3001
1801
1901
1801
1502
1401
3301
 301
1101
4001
1001
1002
 201
1402
 601
3202
4102
2801
 901
4301
 603
2001
1701
1802
4001
1902
2301
3703
 301
1301
2102
4202
2201
1301
1001
2702
1301
1601
1403
2603
 601
4302
1701
6602
1901
1801
3003
1002
4001
2501
3902
1901
3601
2101
2001
3704
3401
1901
1402
1801
4001
1001
2502
2601
 701
1002
1501
2402
 201
7702
6701
1801
1001
3702
4402
1801
3802
1901
 902
13502
3101
1701
2101
1501
2201
1601
1101
 501
2102
4602
1101
3301
1601
3701
4001
 402
2101
3201
1202
1502
5004
 401
1601
3203
1001
4001
1902
2401
1701
1701
3002
4001
2501
 701
4001
1101
2301
2001
3101
2102
 301
1401
1702
1702
4001
1001
3501
3701
2502
1302
2101
1801
4602
1101
4201
3502
2501
3602
4102
 401
1201
1901
2401
4602
1401
2001
 701
1701
2403
1502
4002
5802
1801
1702
2403
8401
2301
3704
 401
1501
3403
1001
1102
2401
13704
2301
1201
2702
1701
4001
 401
5801
 201
1501
3303
1701
2501
2401
5402
3403
4001
2101
 401
3201
1802
4001
2302
2101
3701
2301
1301
1801
3601
3903
3901
4601
1901
1901
 501
4501
2601
1102
1402
1301
2101
 301
2101
1702
1301
 301
3301
1801
1002
2301
4001
 301
1101
3202
1401
1502
3004
1501
1501
8001
4001
1501
5402
2303
 801
4501
2502
4001
1102
1801
3504
3101
2601
1702
3603
2302
5903
1403
3201
3101
3102
 901
1401
1403
2802
 801
2101
1701
1101
2002
2201
 801
1202
2304
5402
8001
2902
1601
4001
5001
4001
1701
2301
3302
1902
3302
5301
 701
1602
2401
3604
2702
3101
 802
6104
4501
 702
1502
2702
3103
1101
1802
3102
2903
4001
4001
 801
 901
3802
2201
1501
2203
4001
2703
1801
1401
3103
3902
4001
1101
1302
2102
1501
 901
3204
1904
2401
1202
 701
 401
2601
1202
1201
4001
4001
11801
2702
2801
2802
2501
4001
4001
1901
4702
3602
 601
 601
2701
2502
1902
4101
   0
1302
1701
1702
1902
2502
 501
1101
9703
2002
 602
2702
3102
4001
1501
 801
2101
1901
2503
2001
3301
2201
2702
2402
2301
1601
1901
4301
4001
1702
2401
 801
2501
1101
1202
4301
2701
4201
3102
5801
3402
1501
4701
1401
 902
2402
4003
4301
1101
1101
2202
1602
 701
1201
8001
1501
 701
 401
2101
1101
 702
1502
1801
3001
8001
4001
2201
3102
 701
2002
2902
4001
1601
1301
1603
2001
3601
1402
2001
1501
 703
4001
3901
1701
3801
1501
1801
 201
2303
6101
2102
18102
2102
 902
 801
1501
 401
4001
2901
2701
1601
1802
 801
1601
4101
1802
1802
2602
1601
3903
1001
7601
1901
2101
1201
4001
 901
2501
3801
2001
12001
7402
2803
3101
1401
 901
1601
3601
2203
2301
5303
1601
2201
18402
 801
 901
 601
2202
4901
 401
2901
2102
4005
1101
9001
2102
8001
3701
3501
3102
1202
2002
1001
2502
1201
1701
5501
 901
1301
2703
1401
 601
2202
2801
 501
3102
 401
2801
6303
4001
1401
1301
1001
1702
6402
 801
4501
 501
1301
2601
1801
2002
1001
1101
11403
2701
1801
1801
2901
1901
2101
1903
2401
1501
3003
1402
1002
1501
2201
2601
1201
4001
2902
5202
2701
1602
 501
6201
 801
4001
1601
3202
4001
3902
 801
4701
1203
2003
1001
7301
4001
3001
2102
7803
1501
 301
5402
1902
4001
 401
2901
6101
4502
 701
 801
6602
 801
3503
2701
6502
4301
1202
1101
1301
2001
4001
4001
1702
 201
2502
1401
1701
1401
4001
3002
3004
1001
2101
 601
2803
2802
8001
1602
1402
8001
4701
3502
1902
1201
2102
3201
3101
1001
4001
1702
2201
4501
1701
1901
1903
 401
2803
1901
 501
2302
1501
1202
1201
 501
1801
1501
3201
1301
2502
 601
1603
2202
4601
1601
3202
2401
 401
11702
2301
1702
1101
3001
 901
6901
2703
3001
4001
 801
1101
2702
1602
 501
2801
2902
1601
2203
2101
2401
3101
2001
3302
2201
4001
3502
1502
1101
1801
8202
2401
2302
3401
3202
2603
4001
3601
3801
 501
 401
2002
2601
 501
 401
2001
 301
4001
1101
3301
2102
4303
8001
1001
4001
1501
1101
1901
2502
2704
1002
2501
3502
1801
2303
2202
1802
3301
1002
2101
2001
 501
 201
1501
1901
3401
1402
11903
 801
4001
1701
1701
2801
 801
2701
2501
4001
4001
4201
4001
1002
1301
6301
 801
4402
2101
3901
2901
1001
3401
1901
3101
2402
2403
1701
3201
2101
1401
1902
1701
2903
2002
9801
1801
   0
1602
1301
3102
1301
1701
4403
4302
3101
5002
2001
1701
2101
2101
3301
1401
3201
1702
2501
2302
 801
1404
2602
2901
1201
 401
1504
2001
2102
1501
2201
1802
3101
2701
2502
2401
 401
1601
2603
2702
   0
5002
2402
3101
 601
2301
1101
2802
2901
4001
2502
 902
 902
6003
1201
 701
3602
1801
4001
1001
 401
2602
1701
 901
2201
4001
1401
4001
2602
2301
2401
 901
 501
1704
2003
3201
4001
 301
4503
2101
2503
1102
 902
3502
 701
4201
2401
1201
1801
2103
 702
1201
2101
1401
1901
2301
 601
4601
2301
 401
2902
1901
1601
1501
1602
12902
1401
2102
 701
3204
4001
 301
3302
2801
1203
1102
2301
2202
2502
3602
4001
3802
1401
1301
1201
3501
2802
5501
2401
1902
1401
2001
1601
4101
 901
2902
1101
 502
1202
2102
2502
1201
2802
1802
1001
2302
1601
2302
1601
2302
1502
2503
6605
1801
3404
2001
 602
2702
2201
2704
 201
3101
1301
 502
3801
 802
4001
1301
7103
 301
2302
2802
1801
1001
1701
3002
3202
1401
 601
1402
2201
1501
2301
2001
2101
3002
3303
2601
