2201
 601
2001
1402
4502
3203
2001
 501
1201
1001
3102
1001
 701
 801
1002
2802
2102
2702
1101
5303
3802
2102
3602
1402
3001
4001
2001
3001
1001
1401
 801
1402
1601
2902
1801
1001
5202
4803
3703
2501
1701
 501
 501
1901
2903
1501
 902
2401
 402
 801
 701
1903
2301
1002
2403
1102
2102
 201
2001
3202
1202
 601
 501
2702
1601
3401
2202
4001
 801
 802
 901
4901
2301
1602
1601
1301
 501
2303
2901
1802
1201
 201
1802
2902
 901
2001
3001
1801
1901
1801
1502
1401
3301
 301
1101
4001
1001
1002
 201
1402
 601
3202
4102
2801
 901
4301
 603
2001
1701
1802
4001
1902
2301
3703
 301
1301
2102
4202
2201
1301
1001
2702
1301
1601
1403
2603
 601
4302
1701
6602
1901
1801
3003
1002
4001
2501
3902
1901
3601
2101
2001
3704
3401
1901
1402
1801
4001
1001
2502
2601
 701
1002
1501
2402
 201
7702
6701
1801
1001
3702
4402
1801
3802
1901
 902
13502
3101
1701
2101
1501
2201
1601
1101
 501
2102
4602
1101
3301
1601
3701
4001
 402
2101
3201
1202
1502
5004
 401
1601
3203
1001
4001
1902
2401
1701
1701
3002
4001
2501
 701
4001
1101
2301
2001
3101
2102
 301
1401
1702
1702
4001
1001
3501
3701
2502
1302
2101
1801
4602
1101
4201
3502
2501
3602
4102
 401
1201
1901
2401
4602
1401
2001
 701
1701
2403
1502
4002
5802
1801
1702
2403
8401
2301
3704
 401
1501
3403
1001
1102
2401
13704
2301
1201
2702
1701
4001
 401
5801
 201
1501
3303
1701
2501
2401
5402
3403
4001
2101
 401
3201
1802
4001
2302
2101
3701
2301
1301
1801
3601
3903
3901
4601
1901
1901
 501
4501
2601
1102
1402
1301
2101
 301
2101
1702
1301
 301
3301
1801
1002
2301
4001
 301
1101
3202
1401
1502
3004
1501
1501
8001
4001
1501
5402
2303
 801
4501
2502
4001
1102
1801
3504
3101
2601
1702
3603
2302
5903
1403
3201
3101
3102
 901
1401
1403
2802
 801
2101
1701
1101
2002
2201
 801
1202
2304
5402
8001
2902
1601
4001
5001
4001
1701
2301
3302
1902
3302
5301
 701
1602
2401
3604
2702
3101
 802
6104
4501
 702
1502
2702
3103
1101
1802
3102
2903
4001
4001
 801
 901
3802
2201
1501
2203
4001
2703
1801
1401
3103
3902
4001
1101
1302
2102
1501
 901
3204
1904
2401
1202
 701
 401
2601
1202
1201
4001
4001
11801
2702
2801
2802
2501
4001
4001
1901
4702
3602
 601
 601
2701
2502
1902
4101
   0
1302
1701
1702
1902
2502
 501
1101
9703
2002
 602
2702
3102
4001
1501
 801
2101
1901
2503
2001
3301
2201
2702
2402
2301
1601
1901
4301
4001
1702
2401
 801
2501
1101
1202
4301
2701
4201
3102
5801
3402
1501
4701
1401
 902
2402
4003
4301
1101
1101
2202
1602
 701
1201
8001
1501
 701
 401
2101
1101
 702
1502
1801
3001
8001
4001
2201
3102
 701
2002
2902
4001
1601
1301
1603
2001
3601
1402
2001
1501
 703
4001
3901
1701
3801
1501
1801
 201
2303
6101
2102
18102
2102
 902
 801
1501
 401
4001
2901
2701
1601
1802
 801
1601
4101
1802
1802
2602
1601
3903
1001
7601
1901
2101
1201
4001
 901
2501
3801
2001
12001
7402
2803
3101
1401
 901
1601
3601
2203
2301
5303
1601
2201
18402
 801
 901
 601
2202
4901
 401
2901
2102
4005
1101
9001
2102
8001
3701
3501
3102
1202
2002
1001
2502
1201
1701
5501
 901
1301
2703
1401
 601
2202
2801
 501
3102
 401
2801
6303
4001
1401
1301
1001
1702
6402
 801
4501
 501
1301
2601
1801
2002
1001
1101
11403
2701
1801
1801
2901
1901
2101
1903
2401
1501
3003
1402
1002
1501
2201
2601
1201
4001
2902
5202
2701
1602
 501
6201
 801
4001
1601
3202
4001
3902
 801
4701
1203
2003
1001
7301
4001
3001
2102
7803
1501
 301
5402
1902
4001
 401
2901
6101
4502
 701
 801
6602
 801
3503
2701
6502
4301
1202
1101
1301
2001
4001
4001
1702
 201
2502
1401
1701
1401
4001
3002
3004
1001
2101
 601
2803
2802
8001
1602
1402
8001
4701
3502
1902
1201
2102
3201
3101
1001
4001
1702
2201
4501
1701
1901
1903
 401
2803
1901
 501
2302
1501
1202
1201
 501
1801
1501
3201
1301
2502
 601
1603
2202
4601
1601
3202
2401
 401
11702
2301
1702
1101
3001
 901
6901
2703
3001
4001
 801
1101
2702
1602
 501
2801
2902
1601
2203
2101
2401
3101
2001
3302
2201
4001
3502
1502
1101
1801
8202
2401
2302
3401
3202
2603
4001
3601
3801
 501
 401
2002
2601
 501
 401
2001
 301
4001
1101
3301
2102
4303
8001
1001
4001
1501
1101
1901
2502
2704
1002
2501
3502
1801
2303
2202
1802
3301
1002
2101
2001
 501
 201
1501
1901
3401
1402
11903
 801
4001
1701
1701
2801
 801
2701
2501
4001
4001
4201
4001
1002
1301
6301
 801
4402
2101
3901
2901
1001
3401
1901
3101
2402
2403
1701
3201
2101
1401
1902
1701
2903
2002
9801
1801
   0
1602
1301
3102
1301
1701
4403
4302
3101
5002
2001
1701
2101
2101
3301
1401
3201
1702
2501
2302
 801
1404
2602
2901
1201
 401
1504
2001
2102
1501
2201
1802
3101
2701
2502
2401
 401
1601
2603
2702
   0
5002
2402
3101
 601
2301
1101
2802
2901
4001
2502
 902
 902
6003
1201
 701
3602
1801
4001
1001
 401
2602
1701
 901
2201
4001
1401
4001
2602
2301
2401
 901
 501
1704
2003
3201
4001
 301
4503
2101
2503
1102
 902
3502
 701
4201
2401
1201
1801
2103
 702
1201
2101
1401
1901
2301
 601
4601
2301
 401
2902
1901
1601
1501
1602
12902
1401
2102
 701
3204
4001
 301
3302
2801
1203
1102
2301
2202
2502
3602
4001
3802
1401
1301
1201
3501
2802
5501
2401
1902
1401
2001
1601
4101
 901
2902
1101
 502
1202
2102
2502
1201
2802
1802
1001
2302
1601
2302
1601
2302
1502
2503
6605
1801
3404
2001
 602
2702
2201
2704
 201
3101
1301
 502
3801
 802
4001
1301
7103
 301
2302
2802
1801
1001
1701
3002
3202
1401
 601
1402
2201
1501
2301
2001
2101
3002
3303
2601
1302
3103
12505
1701
 901
6702
1001
1102
1001
1601
1901
2701
 501
 802
1003
1101
3601
 501
1301
3702
2101
3103
   0
1801
1102
2801
2901
4802
1701
3102
3504
 901
2001
4302
4501
1601
 601
 701
1401
 701
4001
4901
2202
1701
10605
1501
1602
12001
 401
2201
1501
1601
1201
1002
3002
1001
1803
2901
1001
2302
 601
2902
1701
2901
1602
2202
1002
4001
 401
4001
 401
2401
 802
 801
2201
2501
1601
1301
3802
 201
1701
1401
1601
 901
1401
1101
4402
4001
1701
2402
2701
1001
4001
12001
3304
4001
12805
2303
1501
6002
1301
   0
1001
2701
 301
2102
1101
3601
7003
3601
1701
 401
1901
10002
5301
3402
   0
 701
4903
1802
4701
 902
1001
1001
3801
1601
2901
 901
5802
 201
4001
3202
3101
2302
2201
5501
3402
1801
1501
2801
3002
3001
4001
3203
1001
2102
2102
3302
1801
3904
 501
7603
1001
6301
4701
 402
2301
2401
2901
1801
1501
1602
4001
1002
1101
2502
1201
 901
2801
1001
4601
 702
7603
1701
 301
6602
1801
4601
4001
3201
5204
 301
1801
3102
3302
 901
2901
1501
6303
1001
1601
 401
1901
6101
3101
2701
1101
1902
3501
1302
3401
2803
1001
1601
2901
1702
3302
3503
 801
4001
2801
1502
2602
3501
3002
1602
6104
12902
2101
1001
3702
2001
5202
 301
1802
3801
1201
1803
2201
2201
2201
3001
1101
 901
2701
 701
1501
2901
1801
1601
2701
 802
 501
1001
1401
5803
2103
2301
1602
 601
 901
4003
1402
1301
2902
2902
 701
1101
3802
4302
2001
4001
2201
3001
6003
1601
 501
1001
1001
4002
2102
2002
3402
1302
4302
1302
4101
1502
 402
1702
2902
1801
2302
 301
3101
1402
3302
1702
 601
3402
1001
1002
1301
2301
2702
1301
2601
2402
1801
1001
1601
2202
2604
2401
1701
1803
2601
1501
2102
1301
4101
4001
15202
1402
 801
2701
1001
2402
1902
2602
1601
11903
3301
2101
4001
1401
2802
8301
3502
2101
 901
2301
3401
1001
2604
 801
2301
 901
1302
1501
3701
1602
1601
1502
 901
2702
4702
 501
 401
3302
 801
 601
4001
1002
 701
 502
1201
4001
8001
1701
 902
1101
3101
2101
3302
1301
2202
2203
2201
8803
1001
1802
2702
2202
2101
3002
2302
2503
6702
2701
1002
2601
1401
 201
1102
1803
1202
5403
3204
1902
3704
1401
2402
2202
 701
4001
1101
2301
1301
1102
1101
4101
2101
1703
3702
2002
7002
3201
5502
1901
2801
5603
3203
3301
3001
1701
1802
1801
1101
 902
11203
3701
3302
3202
 501
1101
4001
1201
1501
2801
4001
2402
2401
 601
1501
1201
1201
 901
3501
 802
1401
1602
 502
 901
1601
1401
 901
2603
2601
7101
4501
1901
1801
3603
3601
2201
4001
 601
 401
3102
1301
1201
4001
4202
3201
 401
2502
3001
2801
 401
3804
5602
 501
3502
6201
1301
3704
1202
1501
1601
2103
3001
1901
1802
1301
6401
1701
2601
 801
1301
1302
3903
1501
4001
2001
 901
1101
4001
 901
5202
1501
1601
1801
9704
 902
1001
4001
8201
1903
 501
2103
1301
1401
1401
2403
3202
10602
 702
2601
 901
1001
2301
2602
1403
3401
2601
5901
1501
2101
2502
1601
2901
2002
 902
4001
2902
 901
1701
 702
1602
2701
3601
 401
1301
4001
2301
 902
4402
5403
2501
1303
 901
3302
1301
2601
2801
1201
1602
2802
1301
2201
1101
4001
3401
4002
3703
3202
2001
1401
1101
2402
3003
3701
1801
4001
4001
3502
3102
 501
3303
1602
4001
1601
1601
1303
3001
2101
2901
2701
1501
 501
2301
2001
8001
4201
1802
4001
2203
 701
2302
2001
4001
1602
1501
2001
4001
3601
3802
2801
3302
 701
 701
3001
1001
1201
4001
3801
1602
 901
3202
5002
1501
2303
4603
10601
4401
1402
2203
2901
1701
1702
3002
1701
4001
1101
1501
 301
4402
12001
1701
3904
2901
3003
1901
2704
2301
5502
4001
1201
1801
4001
2501
2502
2902
3301
1601
3402
2402
1501
1601
2701
2802
 802
 401
4201
1302
2901
2601
3502
9102
1401
2101
1101
1001
2601
6803
 702
1402
1601
6003
4904
 901
4001
 702
 301
4001
3101
4001
1301
 801
 501
 801
1101
2703
2002
3401
1102
2002
4001
3401
 701
2003
 801
2702
2001
8704
3302
2602
2102
1901
1201
 501
4501
1802
2001
3102
 501
1702
1401
1601
2601
2001
13703
3701
1401
2201
3802
3402
1902
2902
3601
1601
3502
1401
2401
 601
2101
3001
 801
 501
 501
 401
3402
3903
2501
4303
4001
 501
2004
3302
3603
4001
1401
2503
1001
1301
 901
 901
4001
 601
2301
1201
 801
4001
2002
3201
2502
4601
1701
 201
2701
 301
2501
4001
2502
1101
1601
1501
1601
3203
16001
2501
1201
5201
 601
1901
2101
3301
 401
1101
1201
1601
3703
1401
4901
3601
6303
1601
1901
2902
3902
4001
 601
2501
 401
1903
1001
 602
2002
1401
5602
2703
4501
2001
4001
2202
1302
5501
1201
3803
2501
 201
3303
1001
3202
4201
 901
1201
1601
2301
 401
 501
4201
 901
5603
 301
2801
1201
2402
 902
1201
1301
3502
2001
1801
3801
 801
1501
2402
1202
4001
2702
1401
1502
2102
4001
4302
5804
1601
1501
2402
4001
2201
1402
3302
2001
 801
1201
2701
1902
1501
2001
1801
 601
5401
2101
2902
 901
4001
8001
3705
4001
4603
2702
 601
3003
 501
2001
2001
3902
1401
2501
1801
1401
1801
3302
1601
1302
3402
3101
2202
2401
2801
2101
7004
1801
4202
   0
2001
 601
1601
1901
3102
2901
3501
6402
4001
2302
1201
1202
 601
4001
8001
2201
2001
3701
1302
2201
 301
2301
1102
2302
4802
 901
2702
1101
2202
2603
4102
2501
4001
 301
2102
1701
 701
2201
1803
3401
1201
1801
1902
1301
 701
 601
2001
2102
1901
1601
 801
3603
 701
2101
 501
2901
3002
4305
 301
2801
2901
1501
4201
2102
1801
2102
2401
2101
4302
3601
4001
 501
1901
4001
 401
 501
1201
4001
3501
5102
16001
1001
 903
6201
4001
3503
 901
1502
1901
1703
1101
2301
2901
 901
 901
2501
10202
2902
4102
 801
1601
3502
1701
1101
 901
1401
 602
4001
1201
3901
 702
2101
1901
3104
3501
1101
2101
1801
1902
2501
 801
1301
 301
2002
 401
2904
1601
3502
2601
2801
2902
1201
10602
2701
1201
2001
1901
3102
1401
3502
1401
1001
2403
1501
3701
1801
1803
4001
 901
3302
1302
4002
 501
2201
1501
2402
1201
2301
8001
4001
2002
 402
1601
3401
3103
1901
 902
1601
1001
2501
2502
1302
3301
 602
2102
2001
3603
 901
1202
 601
 401
2301
4001
3001
1601
1201
8001
1902
3301
 501
2503
2902
4001
 401
1901
1001
 401
1201
8001
4302
 901
1801
2201
1502
3102
1602
3102
4001
 201
2102
1801
2801
3103
1502
4004
5401
15302
1801
4001
1601
1702
 701
3402
2701
2602
1701
2401
2101
2403
1301
2601
3502
2001
3303
1901
1401
3201
 201
1602
2902
1201
3601
3305
3403
1201
2502
4001
1101
 901
1702
2001
1502
1002
1101
3702
1801
3401
1301
 501
2702
3802
1901
7205
5402
4001
1302
 901
1502
2102
4001
1802
2302
3301
 901
1902
2602
 401
 801
3901
1301
5201
 801
4001
1401
1803
 302
2602
4202
2001
1601
2701
 601
3202
6003
4001
4301
1601
 801
4001
1502
5702
2002
 501
 701
1501
 901
2302
2102
1301
4801
 502
1901
4001
1202
2602
3303
2302
2701
2901
4001
1202
2302
1501
2101
1901
2903
1901
1901
3003
2201
2702
2102
2902
1401
 901
3201
1301
4001
2401
2301
1601
2301
1201
4101
 701
3601
3504
4001
4103
4001
 701
2101
1101
 801
3401
3003
1901
4001
4001
1001
1501
1001
1402
2801
3101
3301
2701
3904
4701
10201
2402
3403
1701
3103
2202
1801
1201
1701
1901
1501
2301
1002
8101
1101
1001
2703
1401
4001
1802
3603
 501
1401
7301
2802
2801
1701
1801
4001
1901
 901
4001
   0
1602
1501
2301
2202
1302
6603
3502
2503
2401
 601
2801
8001
2602
1602
1101
 901
4001
2101
2102
3001
2602
6202
 901
2902
2703
7101
3101
3505
1701
2101
2201
1302
3201
1802
2301
 902
1803
2302
11902
4502
2801
2704
2801
2101
2002
1002
1301
2702
 301
 902
2801
5803
 801
2301
2301
1601
1101
2201
6203
1201
2101
 901
4701
1702
4001
1101
2501
4001
1301
1101
1302
2301
2603
2102
1001
 801
6001
1601
3902
 902
1802
1501
3102
2201
2802
3301
1803
2603
 901
3601
2501
 601
2603
9105
4001
4001
3001
1601
3301
1601
2202
2902
3101
1701
2903
1201
3302
12103
1803
1401
 301
2604
2303
1501
1601
4001
1001
 601
1202
4001
1801
2402
3302
1103
4001
4101
1201
 501
3102
1301
 301
2001
3701
1401
4001
4302
7104
4301
3002
2102
3401
1101
1901
1301
1803
1101
 301
2503
1101
4001
1301
2101
2001
2002
1702
 801
1401
 601
 801
1702
 501
1901
4001
1801
 801
4001
4703
 301
2001
1302
 401
3203
8001
4402
3202
2302
3801
1202
 601
2601
3002
 801
2303
2201
4502
1401
2302
1504
4001
 701
1304
 701
3903
5204
1403
2602
3101
 201
2101
 702
1101
1501
1501
 801
3901
1901
3401
2002
 601
1902
1301
3501
3001
2102
   0
2001
1401
3201
4001
2302
1101
1801
1901
1602
 401
2805
7001
2701
3403
2302
7001
 901
1802
3402
1802
 601
2001
1801
 601
1801
1601
1701
 801
3103
2703
1601
 901
4001
1601
1501
1302
6704
 401
 702
5204
3902
 701
1001
 701
1001
2401
 901
1801
5202
2302
 801
4001
5701
2501
2702
3501
3501
2601
4001
2701
1502
4001
4001
1601
8001
1901
 601
5002
1703
2802
2101
5001
1301
4001
6203
1502
1002
1301
3102
4001
2201
1302
3603
 702
 301
 601
 801
2302
3201
3002
2803
1801
3401
 901
1502
3201
3002
 901
1501
2401
 801
1301
2201
 801
 801
1901
3201
1802
1401
1702
2802
2703
1903
2503
4101
2101
 501
2303
 901
2601
5501
1901
4001
 701
 901
5103
3901
1403
2102
1701
3103
3701
4801
1101
12002
5803
2201
2601
4001
 801
 801
1402
1602
4001
4003
3101
 702
2902
2401
 801
1001
1301
 601
4003
1001
2003
2302
1002
1301
 601
8001
3903
1001
1803
3202
2001
1101
2501
1501
2402
2502
1701
2503
3304
 401
2401
2103
2903
2402
 601
1802
3702
2101
3202
1901
4001
 301
 802
1401
2401
8001
3401
2103
2802
4001
2302
5401
 801
1401
2902
1502
1701
 301
1301
5501
 901
2902
3002
3201
2703
4001
5602
2901
6701
3402
1702
4001
1801
3801
2502
 902
 901
 801
2204
2901
3701
2903
8001
2801
3902
1001
 301
1502
4602
1401
1501
2302
 901
 401
2201
 801
 401
2401
1701
1101
9101
1501
4001
4001
1301
3001
   0
2602
 701
 401
3603
3502
1101
2002
1301
1801
2701
1801
2801
4001
2603
3204
2302
2302
2401
2001
3201
 502
1701
4001
3302
1201
2002
5702
9405
 201
1802
10703
1301
2001
2701
1201
2803
1801
2801
 601
1101
3301
3001
2301
1701
1001
1701
1101
1301
 501
2201
3602
3402
2801
4201
4402
1702
 601
1401
2502
5702
1701
2805
6604
1501
1501
2301
1601
1802
8001
3801
1601
11001
 501
2301
7702
1901
4001
2401
 301
3501
2202
1901
1901
6804
5101
5704
2102
3503
3201
4001
5201
1501
3202
2601
3201
2302
 601
4002
2902
3104
2101
1301
1202
 401
 901
1301
2801
1401
5001
2802
1901
2301
4001
4601
2102
 701
2801
2502
1801
 701
3001
3301
2001
1601
3001
3202
1202
 501
3402
2501
2801
 601
 803
2401
8401
3902
1202
3301
 701
2402
2001
1802
4001
3504
4001
2301
8001
2502
1102
7002
2703
1901
1401
2002
10802
3204
1001
2203
1501
2401
2504
2702
1201
8001
2102
 401
2301
 201
2903
4201
1601
2402
1302
1401
6603
 501
2801
 901
4001
2101
1401
1802
 901
2701
3202
5101
1601
 301
1501
3001
1101
4001
 201
 701
 602
2502
2301
1602
1101
2101
 701
 701
2401
2402
4301
1701
 801
7202
3002
1001
2602
4202
1301
6101
2702
1801
1001
4001
4001
1001
 301
2203
1501
3702
3102
 301
2202
2502
 701
 401
3201
 501
2601
 501
4001
3904
4001
1501
 902
3203
4502
1001
2801
6703
 201
2102
1802
1202
4802
1701
3702
3702
3602
2302
3702
1601
2401
1201
2602
2201
1101
4702
3101
3102
 801
1902
4301
3101
2701
4001
2202
